0.0383132 0.807738
0.922213 0.41618
0.672655 0.0514099
0.177406 0.296024
0.350756 0.0848467
0.148495 0.409263
0.41803 0.494645
0.581214 0.161303
0.409143 0.919267
0.753691 0.155777
0.799726 0.301722
0.944956 0.85934
0.551052 0.388353
0.290163 0.731307
0.38518 0.661202
0.460033 0.505636
0.728073 0.891482
0.602018 0.312754
0.258184 0.501634
0.980683 0.328729
0.998001 0.923487
0.754802 0.639279
0.886077 0.139998
0.328677 0.00613312
0.767015 0.598101
0.71518 0.223232
0.73693 0.680137
0.348001 0.750273
0.781874 0.921388
0.780631 0.311098
0.646735 0.161198
0.709547 0.144424
0.872099 0.815187
0.75913 0.594426
0.936589 0.456066
0.465796 0.728648
0.442162 0.890541
0.898839 0.670774
0.279886 0.919808
0.35551 0.335731
0.713674 0.971145
0.567793 0.254642
0.319501 0.788101
0.858419 0.177122
0.717573 0.366774
0.683586 0.138413
0.0349798 0.325679
0.999904 0.678869
0.0363084 0.896725
0.89306 0.903284
0.859726 0.724765
0.905692 0.0675583
0.296033 0.663256
0.501995 0.380213
0.548187 0.753508
0.106536 0.706249
0.408788 0.57502
0.154793 0.860847
0.793043 0.154423
0.592907 0.180413
0.56469 0.620504
0.264164 0.058467
0.592395 0.792831
0.61968 0.133873
0.974119 0.891468
0.19082 0.81892
0.36695 0.555288
0.260823 0.854738
0.359908 0.356377
0.173156 0.581561
0.827212 0.998031
0.71408 0.61134
0.199525 0.383848
0.00694037 0.590187
0.590664 0.745412
0.355667 0.738175
0.717269 0.0160771
0.475003 0.853975
0.548962 0.638335
0.544949 0.471839
0.62645 0.992285
0.526921 0.858423
0.985118 0.632694
0.179136 0.536963
0.621578 0.522151
0.208707 0.0262831
0.44069 0.447812
0.997967 0.482155
0.620554 0.809249
0.342498 0.928501
0.332967 0.964876
0.638396 0.765934
0.756854 0.324488
0.956239 0.245152
0.322159 0.375376
0.439284 0.592668
0.121718 0.829549
0.463376 0.476383
0.428584 0.0795428
0.996081 0.498512
0.256337 0.150323
0.592537 0.403344
0.899852 0.334784
0.465519 0.687348
0.394041 0.700344
0.0672273 0.299129
0.828059 0.654124
0.620295 0.116718
0.452485 0.754233
0.0355093 0.889713
0.516969 0.954638
0.65376 0.333763
0.775841 0.471131
0.249695 0.0648896
0.599203 0.455892
0.734608 0.0611624
0.626977 0.668139
0.996032 0.339208
0.903429 0.328381
0.311562 0.533071
0.429655 0.343755
0.77439 0.0629111
0.0715448 0.0919639
0.168061 0.581053
0.760708 0.951308
0.72795 0.382872
0.92587 0.764303
0.226951 0.470026
0.0922375 0.422401
0.822891 0.953533
0.586332 0.7593
0.105165 0.484191
0.283793 0.940347
0.778078 0.397841
0.33765 0.535536
0.418419 0.262975
0.824564 0.463602
0.744748 0.518187
0.24653 0.994705
0.835896 0.886968
0.825565 0.999209
0.736198 0.257345
0.528845 0.630056
0.884931 0.71386
0.761826 0.626231
0.807476 0.409402
0.666825 0.424826
0.505702 0.964375
0.964576 0.269191
0.985062 0.0807068
0.276248 0.500682
0.355916 0.058214
0.863435 0.221507
0.946562 0.900798
0.72362 0.516156
0.865497 0.699991
0.978598 0.418932
0.45039 0.983345
0.493372 0.81508
0.0412744 0.715167
0.663023 0.462992
0.51546 0.637088
0.305039 0.325029
0.0216673 0.635992
0.59462 0.394418
0.350871 0.826771
0.980451 0.205754
0.381375 0.0374395
0.0184378 0.216591
0.0355948 0.384082
0.0609212 0.247624
0.186065 0.623147
0.738851 0.168975
0.948163 0.968589
0.174433 0.0200581
0.797056 0.0613487
0.861748 0.750554
0.946357 0.77868
0.152828 0.769966
0.426011 0.570819
0.286718 0.493274
0.296892 0.0124978
0.89899 0.0701854
0.439622 0.256804
0.949239 0.485475
0.355108 0.0788789
0.00403784 0.21792
0.414297 0.196964
0.812866 0.645331
0.994654 0.55829
0.114509 0.383175
0.940849 0.277309
0.611418 0.74429
0.787177 0.913768
0.0495484 0.507197
0.179182 0.778134
0.341162 0.180505
0.932011 0.951853
0.668096 0.950909
0.16298 0.70996
0.503007 0.502279
0.935863 0.0335296
0.486076 0.893351
0.854394 0.899471
0.0946877 0.681498
0.0424982 0.0351645
0.0435788 0.480114
0.948729 0.825449
0.352951 0.137069
0.412432 0.0594413
0.0220553 0.72178
0.42913 0.204713
0.245746 0.508357
0.0526156 0.8963
0.1115 0.142359
0.871275 0.328059
0.71441 0.178626
0.496121 0.233874
0.627641 0.177725
0.498055 0.146193
0.665857 0.548472
0.231834 0.619426
0.879124 0.324058
0.984268 0.105671
0.714765 0.0592636
0.884135 0.170291
0.284704 0.0362734
0.0113036 0.734835
0.675762 0.966577
0.142592 0.0348048
0.240432 0.376468
0.571829 0.979755
0.805616 0.863636
0.441645 0.603251
0.736838 0.412353
0.0244787 0.290159
0.795419 0.954749
0.390297 0.46879
0.726124 0.365691
0.898543 0.455378
0.512779 0.0787444
0.951796 0.138405
0.239351 0.510737
0.448652 0.190277
0.494004 0.48241
0.373326 0.493832
0.253621 0.822671
0.959467 0.471199
0.186292 0.343931
0.865696 0.0025004
0.309273 0.376041
0.800364 0.621896
0.939915 0.0463249
0.0330245 0.678472
0.877061 0.493197
0.230126 0.149472
0.75041 0.200882
0.0524271 0.793375
0.47535 0.642727
0.951625 0.330316
0.750765 0.420603
0.603706 0.337346
0.5373 0.0879008
0.416514 0.546044
0.453607 0.84363
0.549036 0.229963
0.0280507 0.285099
0.879912 0.369431
0.743388 0.406696
0.362653 0.281185
0.811914 0.032259
0.205092 0.400355
0.618576 0.868549
0.310541 0.90229
0.769558 0.367305
0.418171 0.851729
0.683837 0.5834
0.380118 0.566812
0.665198 0.216591
0.012793 0.885441
0.392228 0.0243565
0.959926 0.0214782
0.763778 0.793336
0.00481931 0.698292
0.0373822 0.0568574
0.26932 0.247146
0.198164 0.746061
0.737016 0.35793
0.495695 0.962115
0.538148 0.169741
0.0863304 0.0570277
0.43374 0.388794
0.718514 0.21055
0.936448 0.121196
0.398545 0.690676
0.505629 0.108045
0.974324 0.98523
0.254129 0.0503859
0.574558 0.992059
0.604287 0.711505
0 109 0.082023
0 279 0.081786
0 257 0.020137
0 227 0.077745
0 210 0.087483
0 159 0.092619
0 213 0.089709
0 48 0.089009
0 96 0.086209
1 267 0.063047
1 254 0.089276
1 156 0.056452
1 102 0.084412
1 259 0.090762
1 118 0.089786
1 239 0.045790
1 34 0.042398
1 247 0.066445
1 184 0.074378
2 107 0.083706
2 63 0.098013
2 115 0.062716
2 224 0.042837
2 76 0.056911
2 45 0.087687
3 248 0.048724
3 72 0.090566
4 61 0.090521
4 226 0.081989
4 181 0.090198
4 23 0.081752
4 208 0.052268
4 98 0.078008
4 185 0.007386
4 209 0.066704
4 151 0.027128
4 167 0.056435
4 280 0.073342
4 196 0.096138
5 131 0.086554
5 128 0.057771
5 271 0.057294
5 72 0.057009
5 190 0.042844
5 248 0.075478
5 127 0.099234
5 230 0.097611
6 56 0.080905
6 179 0.076590
6 277 0.081520
6 66 0.079288
6 263 0.051421
6 134 0.090183
6 245 0.044711
6 237 0.037916
6 86 0.052027
6 15 0.043417
6 200 0.085319
6 244 0.076953
6 97 0.048885
7 265 0.075826
7 289 0.043884
7 219 0.084520
7 295 0.092464
7 262 0.085536
7 41 0.094299
7 59 0.022404
7 218 0.049246
7 30 0.065521
7 63 0.047245
7 107 0.059289
8 90 0.088786
8 89 0.067282
8 36 0.043765
8 275 0.068138
8 157 0.076206
8 288 0.096577
8 202 0.081180
8 77 0.092739
8 264 0.087738
9 25 0.077675
9 292 0.065097
9 256 0.045225
9 216 0.045443
9 172 0.019860
9 31 0.045581
9 45 0.072224
9 121 0.095145
9 115 0.096520
9 58 0.039375
10 141 0.077493
10 92 0.048542
10 287 0.084214
10 238 0.097515
10 274 0.072188
10 29 0.021273
10 222 0.082479
10 215 0.076242
10 133 0.098526
11 203 0.099055
11 32 0.085192
11 20 0.083238
11 49 0.068003
11 153 0.041489
11 64 0.043390
11 207 0.034101
11 177 0.080672
11 126 0.096935
11 197 0.093414
12 79 0.083708
12 53 0.049727
12 114 0.082946
12 101 0.044111
12 164 0.043988
12 261 0.073309
12 17 0.091174
13 286 0.093175
13 52 0.068303
13 42 0.063924
13 246 0.098401
13 27 0.060869
13 75 0.065863
14 52 0.089170
14 104 0.040132
14 294 0.032363
14 233 0.080912
14 95 0.087317
14 56 0.089357
14 179 0.099178
14 277 0.094525
14 75 0.082437
14 27 0.096519
14 103 0.084487
14 258 0.092044
15 95 0.089471
15 56 0.086257
15 179 0.073528
15 263 0.059386
15 6 0.043417
15 245 0.087506
15 237 0.078871
15 86 0.060973
15 233 0.099332
15 200 0.043105
15 244 0.041152
15 97 0.029443
15 79 0.091395
16 198 0.084432
16 124 0.068148
16 228 0.091519
16 40 0.080954
16 232 0.082390
16 193 0.063166
16 28 0.061555
16 236 0.092402
17 265 0.098293
17 12 0.091174
17 261 0.024650
17 111 0.055844
17 41 0.067442
17 164 0.081998
17 101 0.091084
18 83 0.086583
18 119 0.061947
18 242 0.020917
18 212 0.014138
18 150 0.018089
18 180 0.029734
18 127 0.044436
18 134 0.086396
19 156 0.090228
19 117 0.018585
19 102 0.081058
19 259 0.029102
19 118 0.077255
19 191 0.065045
19 148 0.061678
19 93 0.087078
20 296 0.066127
20 173 0.067216
20 197 0.071828
20 153 0.056221
20 64 0.039945
20 11 0.083238
21 26 0.044596
21 144 0.014818
21 71 0.049384
21 24 0.042951
21 33 0.045062
21 276 0.090324
21 106 0.074746
21 188 0.058379
21 251 0.048766
22 58 0.094145
22 225 0.030355
22 43 0.046294
22 152 0.084595
22 241 0.065738
22 293 0.053766
22 182 0.070997
22 51 0.075049
23 181 0.032416
23 226 0.053311
23 297 0.086693
23 61 0.083071
23 113 0.098440
23 280 0.066112
23 167 0.061296
23 151 0.058774
23 209 0.099281
23 185 0.077398
23 4 0.081752
24 26 0.087379
24 21 0.042951
24 144 0.028605
24 71 0.054565
24 33 0.008699
24 276 0.084467
24 137 0.082958
24 154 0.092726
24 106 0.082855
24 188 0.065826
24 251 0.040968
25 278 0.050421
25 218 0.098661
25 30 0.092374
25 141 0.040068
25 292 0.013113
25 256 0.041721
25 216 0.044613
25 172 0.059196
25 9 0.077675
25 31 0.079009
25 45 0.090513
26 21 0.044596
26 144 0.059377
26 71 0.072493
26 24 0.087379
26 33 0.088540
26 106 0.094769
26 188 0.083533
26 251 0.086116
27 42 0.047363
27 13 0.060869
27 165 0.076551
27 75 0.014322
27 104 0.067916
27 294 0.078144
27 14 0.096519
28 40 0.084421
28 124 0.036649
28 16 0.061555
28 140 0.089246
28 70 0.089048
28 236 0.036005
28 129 0.052112
28 193 0.009284
28 203 0.075760
28 139 0.064055
28 232 0.062442
29 125 0.089033
29 274 0.057288
29 44 0.084120
29 238 0.077145
29 287 0.063997
29 92 0.027288
29 141 0.069740
29 133 0.086781
29 215 0.092217
29 222 0.099342
29 10 0.021273
30 278 0.058389
30 59 0.057155
30 218 0.025254
30 7 0.065521
30 63 0.038452
30 107 0.051745
30 25 0.092374
30 292 0.087108
30 216 0.069884
30 172 0.092444
30 31 0.065013
30 45 0.043326
31 278 0.084705
31 218 0.088417
31 30 0.065013
31 63 0.090483
31 107 0.093454
31 25 0.079009
31 292 0.066731
31 256 0.069695
31 216 0.034546
31 172 0.038229
31 9 0.045581
31 45 0.026648
31 115 0.086952
31 224 0.085320
31 58 0.084093
32 176 0.065456
32 50 0.091265
32 232 0.082264
32 139 0.080395
32 203 0.086123
32 207 0.077314
32 177 0.082746
32 126 0.074030
32 11 0.085192
32 49 0.090557
33 26 0.088540
33 21 0.045062
33 144 0.031919
33 71 0.048120
33 24 0.008699
33 276 0.076096
33 137 0.077583
33 154 0.085949
33 106 0.091187
33 188 0.074020
33 251 0.049547
34 254 0.070159
34 99 0.073082
34 184 0.032014
34 87 0.066692
34 247 0.027430
34 239 0.038052
34 156 0.056069
34 1 0.042398
35 104 0.077136
35 294 0.077230
35 108 0.028840
35 54 0.086060
35 103 0.041301
35 258 0.086450
35 158 0.090724
36 8 0.043765
36 275 0.045628
36 202 0.044003
36 81 0.090640
36 77 0.049149
36 264 0.048287
36 158 0.091197
36 110 0.098511
36 288 0.089379
36 147 0.097409
36 157 0.093168
37 50 0.066670
37 143 0.045275
37 155 0.044332
37 106 0.072713
37 188 0.089659
37 176 0.087981
37 82 0.094308
37 126 0.097357
38 138 0.081989
38 90 0.069633
38 132 0.020907
38 273 0.035307
38 67 0.067805
38 89 0.063213
39 250 0.061342
39 94 0.051808
39 162 0.051593
39 68 0.021109
39 120 0.074578
39 269 0.055011
39 135 0.096182
39 291 0.094529
40 80 0.089750
40 228 0.038186
40 124 0.051046
40 198 0.049868
40 16 0.080954
40 236 0.083373
40 28 0.084421
40 193 0.093246
41 217 0.074620
41 265 0.030998
41 289 0.089928
41 17 0.067442
41 59 0.078362
41 218 0.097457
41 7 0.094299
41 261 0.090165
42 246 0.074398
42 13 0.063924
42 67 0.088789
42 165 0.049794
42 27 0.047363
42 75 0.061649
43 152 0.044668
43 225 0.026608
43 58 0.069204
43 22 0.046294
43 293 0.096002
44 111 0.071846
44 146 0.077107
44 260 0.063240
44 234 0.049483
44 268 0.047542
44 125 0.019153
44 274 0.051988
44 238 0.008620
44 287 0.021360
44 92 0.057715
44 145 0.099498
44 133 0.068015
44 29 0.084120
45 63 0.064066
45 107 0.066906
45 30 0.043326
45 218 0.068376
45 59 0.099933
45 278 0.080312
45 9 0.072224
45 31 0.026648
45 115 0.092579
45 224 0.085069
45 2 0.087687
45 172 0.063153
45 216 0.050668
45 256 0.091477
45 292 0.080149
45 25 0.090513
46 169 0.058405
46 105 0.041771
46 235 0.037040
46 266 0.041167
46 170 0.082253
46 190 0.098136
47 82 0.048485
48 213 0.016313
48 109 0.007057
48 279 0.026082
48 0 0.089009
49 129 0.086305
49 203 0.038854
49 139 0.059447
49 232 0.096013
49 32 0.090557
49 173 0.085446
49 197 0.062258
49 153 0.053560
49 64 0.081916
49 11 0.068003
49 207 0.095694
50 176 0.025868
50 143 0.027463
50 155 0.025438
50 106 0.077414
50 188 0.092225
50 32 0.091265
50 126 0.077061
50 37 0.066670
51 22 0.075049
51 249 0.076369
51 241 0.084527
51 293 0.061829
51 223 0.087331
51 149 0.080452
51 182 0.007199
51 252 0.040275
51 201 0.045478
51 281 0.071167
52 221 0.077735
52 13 0.068303
52 14 0.089170
52 75 0.095755
53 120 0.081009
53 291 0.068792
53 86 0.091258
53 12 0.049727
53 164 0.093708
53 101 0.093450
54 158 0.082436
54 108 0.095704
54 35 0.086060
54 88 0.091345
54 62 0.059167
54 91 0.091061
54 130 0.038582
54 74 0.043241
54 192 0.063899
54 299 0.070081
55 227 0.099431
55 210 0.085897
55 159 0.065868
55 204 0.027441
55 253 0.078585
55 178 0.078758
55 286 0.099903
55 199 0.056566
56 14 0.089357
56 233 0.043319
56 95 0.035234
56 179 0.017728
56 277 0.029822
56 66 0.046258
56 263 0.029989
56 134 0.081361
56 6 0.080905
56 245 0.088595
56 258 0.094946
56 15 0.086257
57 96 0.045536
57 65 0.055280
57 195 0.086235
57 178 0.090903
58 9 0.039375
58 31 0.084093
58 121 0.093394
58 172 0.056112
58 216 0.082274
58 256 0.063056
58 292 0.093300
58 152 0.097238
58 43 0.069204
58 225 0.092463
58 22 0.094145
58 175 0.093161
59 265 0.066180
59 289 0.055790
59 41 0.078362
59 278 0.080838
59 218 0.034837
59 7 0.022404
59 30 0.057155
59 63 0.053691
59 107 0.069334
59 45 0.099933
60 142 0.037096
60 161 0.051948
60 78 0.023776
60 258 0.092062
60 116 0.078414
60 299 0.099242
61 85 0.064119
61 174 0.097605
61 100 0.092189
61 255 0.097162
61 113 0.015830
61 297 0.012884
61 226 0.030240
61 181 0.056430
61 23 0.083071
61 4 0.090521
61 185 0.093206
61 151 0.091752
62 81 0.092678
62 54 0.059167
62 88 0.032595
62 91 0.053287
62 130 0.034074
62 74 0.047450
62 192 0.052135
62 299 0.082190
62 272 0.080117
63 289 0.089073
63 262 0.094340
63 278 0.094414
63 59 0.053691
63 218 0.044569
63 7 0.047245
63 30 0.038452
63 107 0.017167
63 31 0.090483
63 45 0.064066
63 2 0.098013
64 197 0.073617
64 20 0.039945
64 49 0.081916
64 153 0.029094
64 11 0.043390
64 207 0.070733
64 173 0.081372
64 296 0.093763
65 57 0.055280
65 96 0.069915
65 195 0.042415
65 178 0.061967
65 286 0.073229
65 67 0.078634
65 246 0.062913
66 119 0.059678
66 233 0.088768
66 95 0.081421
66 56 0.046258
66 179 0.061068
66 277 0.017498
66 263 0.050418
66 134 0.035336
66 6 0.079288
66 245 0.061786
66 237 0.089593
67 65 0.078634
67 38 0.067805
67 273 0.068798
67 246 0.032865
67 42 0.088789
67 132 0.088637
67 165 0.094292
68 250 0.054319
68 94 0.042260
68 162 0.063193
68 291 0.080636
68 120 0.070880
68 39 0.021109
68 269 0.075242
69 171 0.043543
69 123 0.005120
69 83 0.044997
69 221 0.069835
69 242 0.096943
70 124 0.081276
70 140 0.002025
70 236 0.053704
70 129 0.044708
70 28 0.089048
70 193 0.093290
71 220 0.079232
71 26 0.072493
71 21 0.049384
71 144 0.050014
71 24 0.054565
71 33 0.048120
71 276 0.041174
71 137 0.098070
71 154 0.095661
71 251 0.086927
72 5 0.057009
72 271 0.017421
72 190 0.085019
72 248 0.042053
72 3 0.090566
72 230 0.041567
72 127 0.090437
73 194 0.093289
73 163 0.048114
73 253 0.092058
74 54 0.043241
74 88 0.070487
74 62 0.047450
74 91 0.051957
74 130 0.014548
74 192 0.020784
74 299 0.036541
74 116 0.085380
75 42 0.061649
75 13 0.065863
75 52 0.095755
75 27 0.014322
75 104 0.053887
75 294 0.063990
75 14 0.082437
75 165 0.088726
75 108 0.098141
76 2 0.056911
76 224 0.043259
76 115 0.048304
76 121 0.073866
76 270 0.096018
76 175 0.091735
77 8 0.092739
77 36 0.049149
77 275 0.056876
77 202 0.040903
77 81 0.052108
77 264 0.023766
77 158 0.043015
78 103 0.096773
78 258 0.073742
78 161 0.033524
78 142 0.021754
78 299 0.091732
78 116 0.083515
78 60 0.023776
79 244 0.052030
79 97 0.081700
79 12 0.083708
79 200 0.051824
79 15 0.091395
79 114 0.056549
79 101 0.083404
79 164 0.091985
79 84 0.091669
80 298 0.051892
80 231 0.056040
80 40 0.089750
80 228 0.055612
80 198 0.058706
81 36 0.090640
81 202 0.053743
81 77 0.052108
81 264 0.074792
81 158 0.054811
81 110 0.096728
81 272 0.092212
81 62 0.092678
82 189 0.075013
82 37 0.094308
82 47 0.048485
83 131 0.090866
83 123 0.045460
83 69 0.044997
83 171 0.086461
83 212 0.072493
83 18 0.086583
83 127 0.082261
83 242 0.065679
83 221 0.097863
84 79 0.091669
84 220 0.051512
84 160 0.072232
84 114 0.069935
84 276 0.087337
85 229 0.066663
85 174 0.034835
85 113 0.056307
85 61 0.064119
85 297 0.051420
85 226 0.076651
85 181 0.089256
86 237 0.054585
86 291 0.059426
86 245 0.081582
86 6 0.052027
86 244 0.063557
86 97 0.036482
86 53 0.091258
86 200 0.082766
86 15 0.060973
87 189 0.076207
87 99 0.016465
87 184 0.048840
87 247 0.040028
87 34 0.066692
87 156 0.066123
88 54 0.091345
88 272 0.059333
88 62 0.032595
88 91 0.046846
88 130 0.060547
88 74 0.070487
88 192 0.065598
88 299 0.099088
89 90 0.037603
89 132 0.059888
89 38 0.063213
89 273 0.041331
89 8 0.067282
90 138 0.091439
90 132 0.054953
90 38 0.069633
90 273 0.066482
90 89 0.037603
90 8 0.088786
91 54 0.091061
91 88 0.046846
91 62 0.053287
91 130 0.052485
91 74 0.051957
91 192 0.034588
91 299 0.064233
91 116 0.098459
92 141 0.070249
92 287 0.038884
92 238 0.051400
92 44 0.057715
92 274 0.044662
92 125 0.065147
92 268 0.083303
92 234 0.090116
92 260 0.096307
92 29 0.027288
92 10 0.048542
92 133 0.076362
92 145 0.098859
93 152 0.095769
93 191 0.035650
93 148 0.025443
93 166 0.046243
93 118 0.098570
93 19 0.087078
93 259 0.085289
94 230 0.081735
94 250 0.012904
94 162 0.053179
94 68 0.042260
94 39 0.051808
95 14 0.087317
95 233 0.010843
95 56 0.035234
95 179 0.025564
95 277 0.064569
95 66 0.081421
95 263 0.051887
95 258 0.061699
95 161 0.088182
95 142 0.097052
95 15 0.089471
95 103 0.098248
96 213 0.096077
96 0 0.086209
96 257 0.078165
96 57 0.045536
96 65 0.069915
96 195 0.077109
96 178 0.067217
97 237 0.073472
97 86 0.036482
97 291 0.092467
97 245 0.091724
97 6 0.048885
97 263 0.083956
97 15 0.029443
97 200 0.047342
97 244 0.031216
97 79 0.081700
98 208 0.095024
98 4 0.078008
98 185 0.073479
98 209 0.025786
98 151 0.075733
98 167 0.063256
98 280 0.066085
98 219 0.096273
98 295 0.082149
98 240 0.084199
99 189 0.059795
99 184 0.048623
99 87 0.016465
99 247 0.045680
99 34 0.073082
99 156 0.081478
100 285 0.097689
100 255 0.026224
100 113 0.085691
100 61 0.092189
100 297 0.099961
100 208 0.097519
100 196 0.090035
101 79 0.083404
101 12 0.044111
101 53 0.093450
101 160 0.092337
101 114 0.052969
101 164 0.009166
101 261 0.066936
101 111 0.092681
101 17 0.091084
101 146 0.077332
102 267 0.039975
102 215 0.029358
102 222 0.023339
102 1 0.084412
102 117 0.096282
102 259 0.051965
102 19 0.081058
102 118 0.007335
102 191 0.070599
102 148 0.092150
103 104 0.072650
103 294 0.067057
103 14 0.084487
103 233 0.087421
103 95 0.098248
103 35 0.041301
103 258 0.045691
103 78 0.096773
103 161 0.070854
103 142 0.085397
103 108 0.068143
104 27 0.067916
104 75 0.053887
104 294 0.010666
104 14 0.040132
104 108 0.079497
104 35 0.077136
104 103 0.072650
104 258 0.099654
105 169 0.090651
105 46 0.041771
105 235 0.043680
105 266 0.041613
105 170 0.051889
105 168 0.095880
105 190 0.096433
106 26 0.094769
106 21 0.074746
106 144 0.071867
106 24 0.082855
106 33 0.091187
106 50 0.077414
106 143 0.082479
106 155 0.059206
106 188 0.017553
106 251 0.042492
106 37 0.072713
107 262 0.087855
107 289 0.097773
107 63 0.017167
107 30 0.051745
107 7 0.059289
107 218 0.061449
107 59 0.069334
107 2 0.083706
107 45 0.066906
107 31 0.093454
108 75 0.098141
108 104 0.079497
108 294 0.083361
108 264 0.089405
108 158 0.073308
108 54 0.095704
108 35 0.028840
108 103 0.068143
109 48 0.007057
109 213 0.018331
109 279 0.023114
109 0 0.082023
109 257 0.097812
110 36 0.098511
110 157 0.072504
110 147 0.014891
110 288 0.022550
110 202 0.068633
110 81 0.096728
110 298 0.068680
110 231 0.060337
111 101 0.092681
111 164 0.084715
111 261 0.050182
111 17 0.055844
111 125 0.088972
111 44 0.071846
111 238 0.079095
111 287 0.086693
111 146 0.091996
112 137 0.056401
112 154 0.068950
112 260 0.056409
112 234 0.070542
112 268 0.072146
112 136 0.049301
112 145 0.069363
112 133 0.073324
113 85 0.056307
113 174 0.087602
113 100 0.085691
113 255 0.086816
113 61 0.015830
113 297 0.015166
113 226 0.045217
113 181 0.070516
113 23 0.098440
114 79 0.056549
114 12 0.082946
114 160 0.064214
114 101 0.052969
114 164 0.061645
114 84 0.069935
114 146 0.074417
115 9 0.096520
115 31 0.086952
115 45 0.092579
115 121 0.039821
115 224 0.019933
115 2 0.062716
115 76 0.048304
115 175 0.062448
115 270 0.082533
116 78 0.083515
116 299 0.048944
116 60 0.078414
116 192 0.077724
116 74 0.085380
116 130 0.099812
116 91 0.098459
117 156 0.081608
117 102 0.096282
117 259 0.045288
117 19 0.018585
117 118 0.093234
117 191 0.082926
117 148 0.076759
118 267 0.047309
118 215 0.032156
118 222 0.024686
118 117 0.093234
118 102 0.007335
118 259 0.048235
118 19 0.077255
118 191 0.063314
118 148 0.085103
118 93 0.098570
118 1 0.089786
119 242 0.075586
119 212 0.070303
119 18 0.061947
119 150 0.047918
119 180 0.046915
119 277 0.076409
119 66 0.059678
119 134 0.026205
119 245 0.073175
120 291 0.045224
120 68 0.070880
120 39 0.074578
120 269 0.091674
120 135 0.081557
120 183 0.087520
120 53 0.081009
121 9 0.095145
121 115 0.039821
121 224 0.059736
121 76 0.073866
121 58 0.093394
121 175 0.022720
121 270 0.048452
122 290 0.037936
122 284 0.048985
122 205 0.063796
122 214 0.064312
122 229 0.091186
123 171 0.045782
123 69 0.005120
123 83 0.045460
123 221 0.074427
124 40 0.051046
124 228 0.086307
124 198 0.092613
124 16 0.068148
124 236 0.034881
124 129 0.062223
124 28 0.036649
124 193 0.045933
124 139 0.098958
124 232 0.098503
124 70 0.081276
124 140 0.080628
125 111 0.088972
125 146 0.074138
125 260 0.044092
125 234 0.030791
125 268 0.028388
125 274 0.044425
125 44 0.019153
125 238 0.017278
125 287 0.026538
125 92 0.065147
125 145 0.083834
125 133 0.052315
125 29 0.089033
126 176 0.065580
126 50 0.077061
126 143 0.064966
126 155 0.088210
126 32 0.074030
126 177 0.025028
126 37 0.097357
126 207 0.065279
126 11 0.096935
127 5 0.099234
127 271 0.073019
127 72 0.090437
127 83 0.082261
127 230 0.094524
127 180 0.064129
127 150 0.058052
127 18 0.044436
127 212 0.042692
127 242 0.042557
128 206 0.075488
128 169 0.068387
128 131 0.063127
128 194 0.094935
128 5 0.057771
128 190 0.045108
129 124 0.062223
129 140 0.045754
129 70 0.044708
129 236 0.027499
129 28 0.052112
129 193 0.053449
129 203 0.062571
129 139 0.067823
129 232 0.091541
129 49 0.086305
130 54 0.038582
130 88 0.060547
130 62 0.034074
130 91 0.052485
130 74 0.014548
130 192 0.029234
130 299 0.051056
130 116 0.099812
131 194 0.060187
131 206 0.061721
131 128 0.063127
131 83 0.090866
131 5 0.086554
132 138 0.065904
132 90 0.054953
132 38 0.020907
132 273 0.046516
132 67 0.088637
132 89 0.059888
133 260 0.035554
133 234 0.043719
133 268 0.035802
133 125 0.052315
133 274 0.031702
133 44 0.068015
133 238 0.061096
133 287 0.057262
133 92 0.076362
133 112 0.073324
133 136 0.080532
133 145 0.031590
133 29 0.086781
133 10 0.098526
134 119 0.026205
134 212 0.095839
134 18 0.086396
134 150 0.070605
134 180 0.066183
134 56 0.081361
134 179 0.095145
134 277 0.052742
134 66 0.035336
134 263 0.079560
134 6 0.090183
134 245 0.054881
134 237 0.085009
135 120 0.081557
135 39 0.096182
135 269 0.058664
135 183 0.022083
135 211 0.059238
135 187 0.066140
135 217 0.082973
135 243 0.078734
136 112 0.049301
136 260 0.085412
136 268 0.099135
136 137 0.096696
136 254 0.060265
136 145 0.056830
136 133 0.080532
136 239 0.074435
137 220 0.084503
137 160 0.098618
137 71 0.098070
137 24 0.082958
137 33 0.077583
137 276 0.089235
137 154 0.021225
137 112 0.056401
137 260 0.097770
137 136 0.096696
138 90 0.091439
138 132 0.065904
138 38 0.081989
139 124 0.098958
139 236 0.078947
139 129 0.067823
139 28 0.064055
139 193 0.055603
139 203 0.022327
139 232 0.038227
139 32 0.080395
139 49 0.059447
140 124 0.080628
140 70 0.002025
140 236 0.053716
140 129 0.045754
140 28 0.089246
140 193 0.093669
141 278 0.081865
141 25 0.040068
141 292 0.050025
141 256 0.058223
141 216 0.081678
141 172 0.088410
141 92 0.070249
141 29 0.069740
141 10 0.077493
142 233 0.091226
142 95 0.097052
142 161 0.015119
142 78 0.021754
142 258 0.054975
142 103 0.085397
142 60 0.037096
143 176 0.043404
143 50 0.027463
143 155 0.023875
143 106 0.082479
143 188 0.099446
143 177 0.089302
143 126 0.064966
143 37 0.045275
144 26 0.059377
144 21 0.014818
144 71 0.050014
144 24 0.028605
144 33 0.031919
144 276 0.088976
144 106 0.071867
144 188 0.054498
144 251 0.038782
145 112 0.069363
145 260 0.057806
145 234 0.070700
145 268 0.064145
145 125 0.083834
145 274 0.056656
145 44 0.099498
145 238 0.092351
145 287 0.087258
145 92 0.098859
145 136 0.056830
145 133 0.031590
145 267 0.082732
146 160 0.038354
146 114 0.074417
146 101 0.077332
146 164 0.078347
146 111 0.091996
146 260 0.084046
146 234 0.071115
146 268 0.078681
146 125 0.074138
146 44 0.077107
146 238 0.083746
146 287 0.096963
147 36 0.097409
147 157 0.058474
147 288 0.010259
147 110 0.014891
147 202 0.073686
147 298 0.074214
147 231 0.067892
148 117 0.076759
148 102 0.092150
148 259 0.062482
148 19 0.061678
148 118 0.085103
148 191 0.025077
148 93 0.025443
148 166 0.065393
149 241 0.066602
149 293 0.063267
149 223 0.024977
149 182 0.086713
149 51 0.080452
149 252 0.056749
149 201 0.068164
149 281 0.064341
150 119 0.047918
150 242 0.038242
150 212 0.031452
150 18 0.018089
150 180 0.012826
150 127 0.058052
150 134 0.070605
150 245 0.097320
151 61 0.091752
151 226 0.074515
151 181 0.074658
151 23 0.058774
151 208 0.078911
151 4 0.027128
151 98 0.075733
151 185 0.020681
151 209 0.056530
151 167 0.032860
151 280 0.049648
152 43 0.044668
152 225 0.055241
152 58 0.097238
152 22 0.084595
152 93 0.095769
152 191 0.095429
153 203 0.092177
153 296 0.088880
153 173 0.067810
153 197 0.053088
153 20 0.056221
153 49 0.053560
153 64 0.029094
153 11 0.041489
153 207 0.075380
154 160 0.080613
154 220 0.066189
154 137 0.021225
154 112 0.068950
154 260 0.099334
154 276 0.078132
154 33 0.085949
154 24 0.092726
154 71 0.095661
155 176 0.050702
155 50 0.025438
155 143 0.023875
155 106 0.059206
155 188 0.075879
155 37 0.044332
155 126 0.088210
156 99 0.081478
156 184 0.072731
156 87 0.066123
156 247 0.055658
156 34 0.056069
156 239 0.087961
156 1 0.056452
156 117 0.081608
156 259 0.092631
156 19 0.090228
157 8 0.076206
157 36 0.093168
157 147 0.058474
157 288 0.050032
157 110 0.072504
157 202 0.096812
158 275 0.083656
158 36 0.091197
158 77 0.043015
158 264 0.048953
158 108 0.073308
158 54 0.082436
158 35 0.090724
158 81 0.054811
158 202 0.078611
159 257 0.079000
159 227 0.035849
159 210 0.020325
159 55 0.065868
159 283 0.040171
159 204 0.063139
159 253 0.037611
159 163 0.081567
159 0 0.092619
160 220 0.085528
160 84 0.072232
160 114 0.064214
160 101 0.092337
160 164 0.096857
160 137 0.098618
160 154 0.080613
160 146 0.038354
160 260 0.097445
160 234 0.089515
160 268 0.098122
161 233 0.081201
161 95 0.088182
161 103 0.070854
161 258 0.040504
161 78 0.033524
161 142 0.015119
161 60 0.051948
162 285 0.085683
162 94 0.053179
162 250 0.051188
162 230 0.082584
162 39 0.051593
162 269 0.072399
162 68 0.063193
163 204 0.086040
163 253 0.043972
163 73 0.048114
163 283 0.064538
163 159 0.081567
163 210 0.085789
163 227 0.099386
164 12 0.043988
164 53 0.093708
164 79 0.091985
164 101 0.009166
164 261 0.057790
164 111 0.084715
164 17 0.081998
164 114 0.061645
164 160 0.096857
164 146 0.078347
165 246 0.097336
165 42 0.049794
165 67 0.094292
165 273 0.085614
165 27 0.076551
165 75 0.088726
165 275 0.071779
166 241 0.073192
166 293 0.095323
166 93 0.046243
166 148 0.065393
166 191 0.081782
167 226 0.096678
167 181 0.088088
167 23 0.061296
167 4 0.056435
167 98 0.063256
167 185 0.049063
167 209 0.038061
167 151 0.032860
167 280 0.016999
168 186 0.014461
168 170 0.052611
168 266 0.069180
168 235 0.073816
168 105 0.095880
169 128 0.068387
169 46 0.058405
169 105 0.090651
169 235 0.094578
169 266 0.099269
169 206 0.096363
169 190 0.078919
170 105 0.051889
170 235 0.056011
170 266 0.049848
170 186 0.064172
170 168 0.052611
170 46 0.082253
171 69 0.043543
171 123 0.045782
171 83 0.086461
171 199 0.089830
171 221 0.045920
172 278 0.087705
172 30 0.092444
172 25 0.059196
172 292 0.046283
172 256 0.033937
172 216 0.026278
172 9 0.019860
172 31 0.038229
172 45 0.063153
172 141 0.088410
172 58 0.056112
173 296 0.031006
173 197 0.023259
173 20 0.067216
173 49 0.085446
173 153 0.067810
173 64 0.081372
174 290 0.095545
174 85 0.034835
174 229 0.035091
174 297 0.085271
174 61 0.097605
174 113 0.087602
175 121 0.022720
175 115 0.062448
175 224 0.082317
175 76 0.091735
175 270 0.032665
175 249 0.090414
175 58 0.093161
176 32 0.065456
176 50 0.025868
176 143 0.043404
176 155 0.050702
176 177 0.089162
176 126 0.065580
176 37 0.087981
177 32 0.082746
177 176 0.089162
177 143 0.089302
177 11 0.080672
177 207 0.046829
177 126 0.025028
178 55 0.078758
178 96 0.067217
178 65 0.061967
178 195 0.027591
178 286 0.051252
178 199 0.060859
178 57 0.090903
179 14 0.099178
179 233 0.036004
179 95 0.025564
179 56 0.017728
179 277 0.046068
179 66 0.061068
179 263 0.026533
179 134 0.095145
179 6 0.076590
179 245 0.093288
179 258 0.087208
179 15 0.073528
180 119 0.046915
180 242 0.050483
180 212 0.043660
180 18 0.029734
180 150 0.012826
180 127 0.064129
180 245 0.086610
180 134 0.066183
181 85 0.089256
181 113 0.070516
181 61 0.056430
181 297 0.057133
181 226 0.026717
181 23 0.032416
181 4 0.090198
181 185 0.088292
181 151 0.074658
181 167 0.088088
181 280 0.096071
182 22 0.070997
182 270 0.094977
182 249 0.075430
182 241 0.086269
182 293 0.063286
182 223 0.092367
182 149 0.086713
182 51 0.007199
182 252 0.047372
182 201 0.051993
182 281 0.078010
183 269 0.080738
183 135 0.022083
183 211 0.053137
183 187 0.064978
183 120 0.087520
183 217 0.060975
183 243 0.067137
184 254 0.072590
184 189 0.085817
184 99 0.048623
184 87 0.048840
184 247 0.017562
184 34 0.032014
184 239 0.058957
184 156 0.072731
184 1 0.074378
185 61 0.093206
185 226 0.082291
185 181 0.088292
185 23 0.077398
185 208 0.058230
185 4 0.007386
185 98 0.073479
185 209 0.060530
185 151 0.020681
185 167 0.049063
185 280 0.065959
186 235 0.075076
186 266 0.071342
186 170 0.064172
186 168 0.014461
187 135 0.066140
187 183 0.064978
187 211 0.016735
187 196 0.074964
187 208 0.085737
187 269 0.098794
187 217 0.089764
187 243 0.035000
187 219 0.097944
188 26 0.083533
188 21 0.058379
188 144 0.054498
188 24 0.065826
188 33 0.074020
188 143 0.099446
188 155 0.075879
188 106 0.017553
188 251 0.026561
188 50 0.092225
188 37 0.089659
189 99 0.059795
189 184 0.085817
189 87 0.076207
189 247 0.093931
189 82 0.075013
190 128 0.045108
190 169 0.078919
190 46 0.098136
190 105 0.096433
190 5 0.042844
190 271 0.092198
190 72 0.085019
190 248 0.081810
191 215 0.086118
191 222 0.077431
191 152 0.095429
191 117 0.082926
191 102 0.070599
191 259 0.054092
191 19 0.065045
191 118 0.063314
191 148 0.025077
191 93 0.035650
191 166 0.081782
192 54 0.063899
192 88 0.065598
192 62 0.052135
192 91 0.034588
192 130 0.029234
192 74 0.020784
192 299 0.033551
192 116 0.077724
193 40 0.093246
193 124 0.045933
193 16 0.063166
193 140 0.093669
193 70 0.093290
193 236 0.041802
193 129 0.053449
193 28 0.009284
193 203 0.068721
193 139 0.055603
193 232 0.053415
194 131 0.060187
194 206 0.027733
194 128 0.094935
194 73 0.093289
195 57 0.086235
195 96 0.077109
195 65 0.042415
195 178 0.027591
195 286 0.037269
195 199 0.070072
195 246 0.086746
196 100 0.090035
196 285 0.097991
196 211 0.091238
196 187 0.074964
196 208 0.045007
196 4 0.096138
197 203 0.093639
197 296 0.053893
197 173 0.023259
197 20 0.071828
197 49 0.062258
197 153 0.053088
197 64 0.073617
197 11 0.093414
198 272 0.096101
198 80 0.058706
198 40 0.049868
198 228 0.017443
198 124 0.092613
198 16 0.084432
199 55 0.056566
199 204 0.073986
199 171 0.089830
199 286 0.050410
199 178 0.060859
199 195 0.070072
200 263 0.096935
200 6 0.085319
200 86 0.082766
200 15 0.043105
200 244 0.021814
200 97 0.047342
200 79 0.051824
201 249 0.076721
201 293 0.087668
201 223 0.086876
201 149 0.068164
201 182 0.051993
201 51 0.045478
201 252 0.013422
201 281 0.026913
202 8 0.081180
202 36 0.044003
202 275 0.079645
202 110 0.068633
202 81 0.053743
202 77 0.040903
202 264 0.059383
202 158 0.078611
202 288 0.069434
202 147 0.073686
202 157 0.096812
203 236 0.080832
203 129 0.062571
203 28 0.075760
203 193 0.068721
203 139 0.022327
203 232 0.060526
203 32 0.086123
203 197 0.093639
203 49 0.038854
203 153 0.092177
203 11 0.099055
204 227 0.098984
204 210 0.083054
204 159 0.063139
204 55 0.027441
204 283 0.091424
204 253 0.061737
204 163 0.086040
204 199 0.073986
205 284 0.022288
205 290 0.048982
205 122 0.063796
206 194 0.027733
206 131 0.061721
206 128 0.075488
206 169 0.096363
207 32 0.077314
207 11 0.034101
207 177 0.046829
207 126 0.065279
207 64 0.070733
207 153 0.075380
207 49 0.095694
208 100 0.097519
208 196 0.045007
208 4 0.052268
208 98 0.095024
208 185 0.058230
208 209 0.097796
208 151 0.078911
208 187 0.085737
209 23 0.099281
209 208 0.097796
209 4 0.066704
209 98 0.025786
209 185 0.060530
209 151 0.056530
209 167 0.038061
209 280 0.040486
210 0 0.087483
210 257 0.077771
210 227 0.016913
210 159 0.020325
210 55 0.085897
210 283 0.029134
210 204 0.083054
210 253 0.044676
210 163 0.085789
211 135 0.059238
211 183 0.053137
211 187 0.016735
211 196 0.091238
211 217 0.073063
211 243 0.024280
211 219 0.090417
212 83 0.072493
212 119 0.070303
212 242 0.006823
212 18 0.014138
212 150 0.031452
212 180 0.043660
212 127 0.042692
212 134 0.095839
213 48 0.016313
213 109 0.018331
213 279 0.041276
213 0 0.089709
213 96 0.096077
214 122 0.064312
214 290 0.088966
215 267 0.042264
215 222 0.008810
215 29 0.092217
215 10 0.076242
215 102 0.029358
215 259 0.080382
215 118 0.032156
215 191 0.086118
216 278 0.062155
216 218 0.086774
216 30 0.069884
216 141 0.081678
216 25 0.044613
216 292 0.032186
216 256 0.042324
216 172 0.026278
216 9 0.045443
216 31 0.034546
216 45 0.050668
216 58 0.082274
217 135 0.082973
217 183 0.060975
217 211 0.073063
217 187 0.089764
217 265 0.053059
217 243 0.064451
217 289 0.076676
217 219 0.087702
217 41 0.074620
218 265 0.094379
218 289 0.089848
218 41 0.097457
218 278 0.054047
218 59 0.034837
218 7 0.049246
218 30 0.025254
218 63 0.044569
218 107 0.061449
218 25 0.098661
218 292 0.096620
218 216 0.086774
218 31 0.088417
218 45 0.068376
219 211 0.090417
219 187 0.097944
219 98 0.096273
219 243 0.066212
219 289 0.046497
219 295 0.038893
219 262 0.070272
219 240 0.069037
219 265 0.098064
219 217 0.087702
219 7 0.084520
220 84 0.051512
220 160 0.085528
220 71 0.079232
220 276 0.039284
220 137 0.084503
220 154 0.066189
221 171 0.045920
221 69 0.069835
221 123 0.074427
221 83 0.097863
221 52 0.077735
222 267 0.045380
222 215 0.008810
222 29 0.099342
222 10 0.082479
222 102 0.023339
222 259 0.072771
222 118 0.024686
222 191 0.077431
223 241 0.046109
223 293 0.050277
223 149 0.024977
223 182 0.092367
223 51 0.087331
223 252 0.074089
223 201 0.086876
223 281 0.087641
224 31 0.085320
224 45 0.085069
224 121 0.059736
224 115 0.019933
224 2 0.042837
224 76 0.043259
224 175 0.082317
225 152 0.055241
225 43 0.026608
225 58 0.092463
225 22 0.030355
225 241 0.074798
225 293 0.071743
226 85 0.076651
226 113 0.045217
226 61 0.030240
226 297 0.033675
226 181 0.026717
226 23 0.053311
226 4 0.081989
226 185 0.082291
226 151 0.074515
226 167 0.096678
227 0 0.077745
227 257 0.071541
227 210 0.016913
227 159 0.035849
227 55 0.099431
227 283 0.037114
227 204 0.098984
227 253 0.060404
227 163 0.099386
228 80 0.055612
228 40 0.038186
228 124 0.086307
228 198 0.017443
228 16 0.091519
229 122 0.091186
229 290 0.060491
229 85 0.066663
229 174 0.035091
230 5 0.097611
230 271 0.042655
230 72 0.041567
230 248 0.063165
230 127 0.094524
230 250 0.068842
230 94 0.081735
230 162 0.082584
231 147 0.067892
231 288 0.078151
231 110 0.060337
231 298 0.012604
231 80 0.056040
232 16 0.082390
232 282 0.081808
232 124 0.098503
232 193 0.053415
232 203 0.060526
232 139 0.038227
232 32 0.082264
232 28 0.062442
232 129 0.091541
232 236 0.091682
232 49 0.096013
233 294 0.097472
233 14 0.080912
233 95 0.010843
233 56 0.043319
233 179 0.036004
233 277 0.071508
233 66 0.088768
233 263 0.062484
233 103 0.087421
233 258 0.051908
233 161 0.081201
233 142 0.091226
233 15 0.099332
234 160 0.089515
234 112 0.070542
234 146 0.071115
234 260 0.016187
234 268 0.008655
234 125 0.030791
234 274 0.055677
234 44 0.049483
234 238 0.047876
234 287 0.054423
234 92 0.090116
234 145 0.070700
234 133 0.043719
235 169 0.094578
235 46 0.037040
235 105 0.043680
235 266 0.006194
235 170 0.056011
235 186 0.075076
235 168 0.073816
236 40 0.083373
236 124 0.034881
236 16 0.092402
236 140 0.053716
236 70 0.053704
236 129 0.027499
236 28 0.036005
236 193 0.041802
236 203 0.080832
236 139 0.078947
236 232 0.091682
237 263 0.081580
237 134 0.085009
237 6 0.037916
237 245 0.030250
237 86 0.054585
237 291 0.091031
237 66 0.089593
237 277 0.098549
237 15 0.078871
237 97 0.073472
238 111 0.079095
238 146 0.083746
238 260 0.060187
238 234 0.047876
238 268 0.044491
238 125 0.017278
238 274 0.043464
238 44 0.008620
238 287 0.013373
238 92 0.051400
238 145 0.092351
238 133 0.061096
238 29 0.077145
238 10 0.097515
239 254 0.043494
239 136 0.074435
239 267 0.087943
239 184 0.058957
239 247 0.062945
239 34 0.038052
239 156 0.087961
239 1 0.045790
240 98 0.084199
240 262 0.026175
240 295 0.030160
240 219 0.069037
240 289 0.094466
241 225 0.074798
241 22 0.065738
241 166 0.073192
241 293 0.023059
241 223 0.046109
241 149 0.066602
241 182 0.086269
241 51 0.084527
241 252 0.092844
242 69 0.096943
242 83 0.065679
242 119 0.075586
242 212 0.006823
242 18 0.020917
242 150 0.038242
242 180 0.050483
242 127 0.042557
243 135 0.078734
243 183 0.067137
243 211 0.024280
243 187 0.035000
243 217 0.064451
243 289 0.091822
243 219 0.066212
244 6 0.076953
244 86 0.063557
244 15 0.041152
244 200 0.021814
244 97 0.031216
244 79 0.052030
245 119 0.073175
245 150 0.097320
245 180 0.086610
245 277 0.073296
245 66 0.061786
245 263 0.067759
245 134 0.054881
245 6 0.044711
245 237 0.030250
245 86 0.081582
245 179 0.093288
245 56 0.088595
245 15 0.087506
245 97 0.091724
246 65 0.062913
246 195 0.086746
246 286 0.094576
246 67 0.032865
246 42 0.074398
246 13 0.098401
246 273 0.097873
246 165 0.097336
247 254 0.085292
247 99 0.045680
247 184 0.017562
247 87 0.040028
247 34 0.027430
247 239 0.062945
247 156 0.055658
247 1 0.066445
247 189 0.093931
248 72 0.042053
248 190 0.081810
248 3 0.048724
248 271 0.059474
248 5 0.075478
248 230 0.063165
249 270 0.061466
249 175 0.090414
249 281 0.096122
249 201 0.076721
249 252 0.086191
249 51 0.076369
249 182 0.075430
250 230 0.068842
250 94 0.012904
250 162 0.051188
250 68 0.054319
250 39 0.061342
251 33 0.049547
251 24 0.040968
251 71 0.086927
251 144 0.038782
251 21 0.048766
251 26 0.086116
251 188 0.026561
251 106 0.042492
252 249 0.086191
252 293 0.074951
252 223 0.074089
252 149 0.056749
252 182 0.047372
252 51 0.040275
252 201 0.013422
252 281 0.031903
252 241 0.092844
253 227 0.060404
253 210 0.044676
253 159 0.037611
253 55 0.078585
253 283 0.034473
253 204 0.061737
253 163 0.043972
253 73 0.092058
254 136 0.060265
254 184 0.072590
254 247 0.085292
254 34 0.070159
254 239 0.043494
254 1 0.089276
255 100 0.026224
255 113 0.086816
255 61 0.097162
256 278 0.086648
256 141 0.058223
256 25 0.041721
256 292 0.033329
256 216 0.042324
256 172 0.033937
256 9 0.045225
256 31 0.069695
256 45 0.091477
256 58 0.063056
257 0 0.020137
257 227 0.071541
257 210 0.077771
257 159 0.079000
257 109 0.097812
257 96 0.078165
258 104 0.099654
258 294 0.090543
258 14 0.092044
258 233 0.051908
258 95 0.061699
258 56 0.094946
258 179 0.087208
258 35 0.086450
258 103 0.045691
258 78 0.073742
258 161 0.040504
258 142 0.054975
258 60 0.092062
259 267 0.081687
259 215 0.080382
259 222 0.072771
259 156 0.092631
259 1 0.090762
259 117 0.045288
259 102 0.051965
259 19 0.029102
259 118 0.048235
259 191 0.054092
